1
1
2
4
1
1
7
8
1
8
2
4
5
3
13
12
2
17
11
18
11
9
4
20
18
23
2
22
14
13
22
16
26
30
35
33
29
37
17
10
7
26
9
32
7
21
24
36
19
6
2
41
5
38
17
20
16
37
30
38
12
48
44
43
13
52
19
36
42
68
10
23
12
72
32
46
69
31
14
15
55
73
14
11
68
86
42
80
38
58
86
78
27
71
46
4
82
46
85
77
17
34
49
96
32
43
80
9
44
51
73
81
112
4
74
96
103
22
88
54
17
16
44
61
118
54
76
22
67
70
116
76
87
112
54
98
66
6
55
60
46
139
106
126
25
135
144
77
4
10
107
68
96
7
10
147
77
123
92
12
23
62
59
130
16
102
86
17
149
2
79
38
145
174
51
68
160
128
162
107
127
155
78
124
161
79
19
55
115
98
161
53
124
73
115
39
122
22
47
196
167
105
146
195
28
187
129
98
20
21
46
162
164
32
55
170
72
153
160
102
123
39
172
106
123
117
11
116
32
14
113
142
166
227
229
18
53
42
1
134
23
26
93
51
155
139
207
103
212
203
102
9
234
2
244
76
132
205
194
107
180
229
39
29
139
210
26
208
225
117
262
268
90
83
92
196
135
149
233
144
206
98
232
178
88
235
251
89
132
52
104
277
69
46
204
99
17
142
117
2
178
111
174
145
198
271
279
218
237
43
19
142
42
149
178
225
151
102
73
262
143
105
131
65
294
250
137
111
144
127
8
133
128
62
71
206
30
129
116
105
99
30
146
139
219
68
20
157
92
49
301
227
270
23
354
303
226
270
268
218
329
49
41
280
190
185
299
99
222
94
308
139
358
326
305
51
129
199
219
330
326
101
48
150
42
306
298
1
329
386
177
346
347
305
186
289
314
184
106
290
30
62
49
329
173
67
155
232
118
291
364
389
387
371
148
80
130
378
24
239
180
139
13
326
167
369
419
111
222
137
241
11
194
172
184
111
265
178
233
405
398
25
355
86
399
310
377
164
292
18
421
265
44
318
274
403
244
120
14
411
450
349
297
407
448
407
267
61
296
235
18
47
57
172
301
100
85
197
128
381
367
475
263
335
401
398
137
107
83
36
293
241
214
9
29
102
40
10
175
14
